a: 12.30000(0) Å
b: 15.38950(0) Å
c: 21.57420(0) Å